-0.083
-0.039
-0.083
-0.375
-0.5
-0.375
-0.375
-0.5
-0.075
-0.5
-0.025
-0.188
-0.375
0.0
0.0
0.0
0.0
0.0
0.0
0.0
0.0
0.0
0.0
0.0
0.0
0.0
0.0
0.0
0.0
0.0
0.0
0.0
0.0
0.0
0.0
0.0
0.0
0.0
0.0
0.0
0.0
0.0
0.0
0.0
0.0
0.0
0.0
0.0
0.0
0.0
0.0
0.0
0.0
0.0
0.0
0.0
0.318
0.125
0.25
0.05
0.5
0.25
0.4
0.154
0.333
0.15
0.18
0.028
0.175
0.05
0.5
0.068
0.5
0.367
0.25
0.5
0.533
0.3
0.083
0.5
0.25
0.5
0.068
0.068
0.333
0.283
0.136
0.075
0.533
0.068
0.108
0.05
0.068
0.5
0.175
0.068
0.2
0.133
0.075
0.3
