0.067
0.0
0.351
0.267
0.067
0.212
0.283
0.133
0.067
0.067
0.233
0.233
0.067
0.283
0.402
0.475
0.062
0.067
0.397
0.473
0.067
0.067
0.067
0.198
0.442
0.083
0.067
0.0
0.033
0.261
0.0
0.067
0.067
0.067
0.272
0.044
0.0
0.0
0.067
0.067
0.233
0.422
0.067
0.433
0.067
0.067
0.111
0.467
0.067
0.067
0.058
0.283
0.0
0.261
0.261
0.067
0.455
0.067
0.067
0.067
0.333
0.422
0.261
0.456
0.261
0.261
0.067
0.483
0.389
0.067
0.467
0.433
0.1
0.527
0.533
0.533
0.533
0.533
0.533
1.0
0.533
0.533
1.0
0.533
0.533
0.533
0.533
0.533
1.0
0.589
1.0
0.533
0.622
0.632
0.517
0.658
0.8
0.617
0.533
0.533
