-0.14
-0.5
-0.2
-0.38
-0.12
-0.01
-0.03
-0.09
-0.38
-0.13
-0.27
-0.6
0.0
0.0
0.0
0.0
0.0
0.0
0.0
0.0
0.0
0.0
0.0
0.0
0.0
0.0
0.0
0.0
0.0
0.0
0.0
0.0
0.0
0.0
0.0
0.0
0.0
0.0
0.0
0.0
0.0
0.0
0.0
0.0
0.0
0.0
0.0
0.0
0.0
0.0
0.0
0.0
0.0
0.0
0.0
0.0
0.0
0.0
0.0
0.0
0.0
0.0
0.0
0.0
0.0
0.02
0.3
0.25
0.5
0.05
0.25
0.12
0.4
0.25
0.6
0.05
0.43
0.5
0.25
0.25
0.33
0.08
0.25
0.05
0.3
0.28
0.25
0.17
0.07
0.12
0.21
0.07
0.33
0.3
0.25
0.25
0.45
0.17
0.07
0.13
