0.07
0.43
0.03
0.28
0.07
0.35
0.18
0.07
0.03
0.07
0.13
0.03
0.07
0.07
0.0
0.2
0.23
0.07
0.07
0.13
0.07
0.43
0.07
0.07
0.07
0.28
0.28
0.07
0.07
0.07
0.07
0.03
0.03
0.09
0.07
0.03
0.07
0.16
0.07
0.28
0.07
0.03
0.07
0.23
0.07
0.43
0.07
0.03
0.07
0.36
0.07
0.07
0.07
0.03
0.07
0.19
0.07
0.46
0.07
0.07
0.07
0.03
0.07
0.26
0.07
0.03
0.07
0.42
0.22
0.03
0.4
0.28
0.37
0.46
0.17
0.34
0.07
0.0
0.07
0.03
0.61
0.53
0.53
0.53
0.8
0.52
0.5
0.53
0.56
0.66
0.62
0.53
0.51
0.53
0.53
0.51
0.53
0.66
0.62
0.66
